1  ->  28  edge weight:  0 
1  ->  58  edge weight:  0 
1  ->  89  edge weight:  0 
3  ->  51  edge weight:  0 
4  ->  40  edge weight:  0 
6  ->  15  edge weight:  0 
8  ->  93  edge weight:  0 
9  ->  13  edge weight:  0 
9  ->  22  edge weight:  0 
9  ->  25  edge weight:  0 
9  ->  31  edge weight:  0 
9  ->  64  edge weight:  0 
9  ->  82  edge weight:  0 
10  ->  37  edge weight:  0
10  ->  44  edge weight:  0
11  ->  12  edge weight:  0
11  ->  13  edge weight:  0
12  ->  33  edge weight:  0
12  ->  88  edge weight:  0
14  ->  10  edge weight:  0
15  ->  22  edge weight:  0
16  ->  61  edge weight:  0
17  ->  29  edge weight:  0
18  ->  46  edge weight:  0
18  ->  93  edge weight:  0
20  ->  78  edge weight:  0
22  ->  53  edge weight:  0
22  ->  89  edge weight:  0
24  ->  58  edge weight:  0
25  ->  20  edge weight:  0
25  ->  70  edge weight:  0
25  ->  72  edge weight:  0
25  ->  73  edge weight:  0
26  ->  63  edge weight:  0
26  ->  92  edge weight:  0
28  ->  21  edge weight:  0
28  ->  24  edge weight:  0
28  ->  36  edge weight:  0
28  ->  93  edge weight:  0
28  ->  96  edge weight:  0
29  ->  19  edge weight:  0
29  ->  80  edge weight:  0
29  ->  91  edge weight:  0
30  ->  19  edge weight:  0
31  ->  79  edge weight:  0
31  ->  80  edge weight:  0
31  ->  90  edge weight:  0
33  ->  5  edge weight:  0
36  ->  57  edge weight:  0
37  ->  94  edge weight:  0
38  ->  55  edge weight:  0
38  ->  68  edge weight:  0
40  ->  30  edge weight:  0
40  ->  74  edge weight:  0
44  ->  98  edge weight:  0
46  ->  2  edge weight:  0
46  ->  6  edge weight:  0
47  ->  69  edge weight:  0
48  ->  22  edge weight:  0
48  ->  25  edge weight:  0
48  ->  43  edge weight:  0
48  ->  46  edge weight:  0
48  ->  53  edge weight:  0
50  ->  14  edge weight:  0
50  ->  33  edge weight:  0
53  ->  28  edge weight:  0
53  ->  36  edge weight:  0
53  ->  59  edge weight:  0
53  ->  67  edge weight:  0
53  ->  93  edge weight:  0
53  ->  96  edge weight:  0
60  ->  15  edge weight:  0
60  ->  48  edge weight:  0
62  ->  39  edge weight:  0
62  ->  51  edge weight:  0
64  ->  92  edge weight:  0
65  ->  53  edge weight:  0
66  ->  67  edge weight:  0
67  ->  93  edge weight:  0
68  ->  3  edge weight:  0
68  ->  37  edge weight:  0
69  ->  34  edge weight:  0
70  ->  37  edge weight:  0
70  ->  54  edge weight:  0
70  ->  100  edge weight:  0
71  ->  28  edge weight:  0
71  ->  34  edge weight:  0
72  ->  25  edge weight:  0
72  ->  42  edge weight:  0
73  ->  59  edge weight:  0
74  ->  40  edge weight:  0
77  ->  40  edge weight:  0
77  ->  76  edge weight:  0
77  ->  99  edge weight:  0
78  ->  32  edge weight:  0
79  ->  25  edge weight:  0
79  ->  95  edge weight:  0
81  ->  64  edge weight:  0
82  ->  17  edge weight:  0
82  ->  44  edge weight:  0
82  ->  72  edge weight:  0
83  ->  50  edge weight:  0
84  ->  26  edge weight:  0
84  ->  42  edge weight:  0
84  ->  72  edge weight:  0
84  ->  96  edge weight:  0
85  ->  62  edge weight:  0
87  ->  63  edge weight:  0
88  ->  83  edge weight:  0
89  ->  57  edge weight:  0
89  ->  75  edge weight:  0
89  ->  84  edge weight:  0
89  ->  95  edge weight:  0
93  ->  60  edge weight:  0
93  ->  71  edge weight:  0
93  ->  79  edge weight:  0
93  ->  92  edge weight:  0
94  ->  87  edge weight:  0
94  ->  100  edge weight:  0
95  ->  79  edge weight:  0
96  ->  18  edge weight:  0
96  ->  25  edge weight:  0
96  ->  97  edge weight:  0
97  ->  25  edge weight:  0
98  ->  70  edge weight:  0
98  ->  90  edge weight:  0
99  ->  6  edge weight:  0
Internal representation:  [[0, -24, -68, -29, -21, -31, 18, -7, 9, -47, -29, -49, -27, -42, -16, -39, -46, -24, -32, 3, 10, -19, 7, -22, -13, -22, -30, 0, -43, -11, -28, -25, -55, 6, -6, -8, -35, -22, -51, -35, -65, -31, -12, -42, -47, -21, -28, -26, -69, -61, -70, -60, -6, -50, -14, -37, -29, 0, -8, -6, -61, -57, 7, -24, -44, 13, -2, -30, -41, -44, -4, -17, 19, -42, -36, -22, -29, 8, -3, -58, -8, -25, -52, -12, -49, 20, -15, -55, 0, -53, -43, 2, -6, -66, -5, -12, -40, -39, -31, -47], [20, 0, -49, -6, 16, -28, 50, 42, 39, -26, 3, -27, 6, -26, 30, -2, -49, 1, -2, 44, 47, -16, 53, -3, 2, 22, -1, 46, -41, 12, -25, -10, -37, 42, 29, 32, 5, 21, -33, -15, -52, -6, 25, -40, -28, 6, 1, 3, -49, -62, -61, -29, 23, -27, 16, -6, -3, 35, -6, 43, -50, -45, 37, 3, -41, 47, 23, 5, -23, -35, 24, 18, 75, -42, -22, 22, -12, 54, 24, -42, 12, 2, -33, 6, -22, 59, 13, -42, 34, -29, -28, 24, 43, -54, 20, 22, -42, -9, -23, -31], [78, 46, 0, 66, 22, 53, 99, 27, 66, 19, 16, 14, 27, 27, 22, -3, 51, 57, 38, 55, 93, 75, 58, 49, 61, 36, 17, 47, 59, 68, 74, 62, 19, 92, 46, 43, -9, 38, 9, 56, 13, 36, 36, 54, 10, 61, 46, 46, 3, 27, 0, -24, 61, 30, 79, 25, 57, 62, 117, 48, 7, 8, 76, 66, 49, 71, 75, 2, 31, 60, 92, 58, 54, 71, 50, 23, 55, 53, 63, 41, 82, 45, 15, 73, -12, 95, 78, 32, 54, 30, 50, 87, 9, 7, 67, 55, 78, 1, 53, 32], [32, 52, -34, 0, 21, 3, 55, 39, 24, -33, 12, -19, 31, 34, 14, -48, -26, 34, 11, 76, 28, 26, 76, 33, 30, -8, 5, 46, -14, 12, 20, 64, -9, 33, 32, 51, -16, 6, 4, 0, -55, -57, 23, -26, -1, 27, -31, 6, -36, -37, -53, -54, 51, -25, 11, 4, 23, 74, 71, 19, -14, -19, 48, 2, -12, 38, 51, -14, -10, -39, 29, -15, 89, -2, 39, -4, 27, 64, 39, -10, 75, 22, -63, 33, -20, 55, -10, -4, 27, 1, -9, 37, 31, -25, 30, 61, -2, -11, -6, -28], [9, 5, -80, -28, 0, -44, 45, 30, 19, -62, -15, -55, -2, -25, 7, -52, -76, -4, -19, 52, 28, -22, 59, -8, -6, -11, -22, 37, -63, -8, -32, 4, -57, 27, 16, 29, -29, -4, -47, -35, -94, -60, 8, -69, -46, -4, -40, -18, -81, -92, -100, -76, 22, -58, -5, -26, -13, 44, 11, 20, -70, -69, 31, -20, -62, 33, 22, -28, -47, -72, 11, -18, 83, -57, -19, -9, -18, 53, 16, -61, 27, -10, -84, -1, -52, 52, -19, -58, 17, -45, -50, 15, 26, -79, 8, 27, -57, -37, -45, -63], [46, -14, -96, -37, -2, 0, 63, 16, 69, -48, -13, -54, -20, -40, 0, -29, -32, -22, -37, 33, 38, 17, 35, 1, 27, -24, -11, 26, -39, 17, -10, -17, -72, 27, 28, 13, -21, -26, -53, -43, -84, -14, 15, -30, -42, -18, -23, -22, -103, -62, -83, -68, 23, -71, -13, -43, -38, 28, 13, 5, -69, -58, 51, -28, -36, 69, 31, -6, -37, -51, 9, -10, 58, -44, -37, -14, -22, 44, 36, -96, 11, -17, -53, 15, -41, 61, -9, -75, 43, -86, -54, 41, 35, -85, 31, -1, -40, -26, -7, -51], [-19, -51, -140, -74, -79, -51, 0, -69, -25, -113, -87, -112, -77, -73, -87, -132, -74, -58, -86, -28, -28, -24, -29, -49, -32, -99, -87, -51, -71, -46, -38, -34, -110, -30, -50, -52, -119, -92, -101, -79, -135, -105, -65, -75, -99, -59, -95, -78, -143, -103, -137, -156, -33, -115, -58, -98, -70, -24, 14, -73, -112, -110, -17, -72, -74, -19, -21, -104, -91, -91, -34, -81, -22, -61, -58, -99, -57, -33, -31, -109, -12, -68, -129, -32, -122, -7, -65, -100, -42, -110, -87, -16, -73, -124, -34, -44, -55, -108, -61, -103], [27, -21, -108, -30, -23, -28, 59, 0, 39, -68, -37, -72, -32, -54, -17, -61, -55, -21, -40, 25, 41, -3, 31, -16, 3, -27, -38, 16, -50, 4, -20, -18, -81, 34, 8, 3, -54, -26, -74, -41, -100, -39, -5, -49, -67, -16, -33, -28, -110, -86, -109, -100, 12, -73, -3, -51, -31, 22, 23, 3, -91, -84, 37, -22, -53, 46, 22, -42, -54, -55, 18, -13, 50, -46, -40, -28, -28, 32, 18, -84, 14, -25, -78, 5, -76, 60, -5, -78, 20, -78, -55, 31, 0, -101, 15, -1, -41, -57, -30, -65], [5, 9, -26, -1, -5, -12, 20, 4, 0, -24, -10, -20, 0, -2, -5, -32, -21, 7, -3, 20, 13, 0, 22, 1, 0, -7, -13, 10, -13, -1, 0, 15, -15, 15, 2, 10, -23, -2, -15, -4, -32, -29, -2, -19, -17, 6, -16, -4, -25, -28, -36, -38, 11, -16, 6, -8, 5, 20, 26, 4, -22, -24, 12, 0, -15, 7, 13, -22, -15, -18, 13, -7, 26, -6, 5, -10, 2, 16, 6, -8, 23, 0, -35, 6, -27, 21, -2, -11, 1, -6, -9, 10, -5, -24, 4, 16, -5, -21, -13, -20], [8, 16, 3, 11, 8, 2, 15, 12, 4, 0, 6, 3, 12, 12, 8, -5, -1, 15, 11, 19, 13, 7, 20, 10, 7, 8, 4, 14, 4, 7, 9, 19, 7, 15, 9, 15, 0, 11, 6, 10, -2, -6, 8, 0, 
4, 14, 2, 9, 4, -2, -4, -5, 14, 6, 13, 9, 15, 19, 21, 12, 3, 1, 12, 11, 3, 8, 14, -1, 4, 2, 15, 6, 21, 8, 15, 6, 12, 16, 10, 12, 21, 11, -6, 11, -1, 16, 8, 9, 7, 13, 8, 11, 6, 3, 9, 19, 8, 1, 2, 2], [77, 9, -22, 57, 7, 44, 98, 12, 78, 16, 0, 0, 0, -14, 15, 10, 47, 31, 19, 26, 101, 62, 32, 27, 50, 37, 5, 34, 49, 69, 56, 17, -7, 93, 38, 20, -13, 30, -21, 42, 8, 63, 28, 53, -13, 42, 58, 36, -19, 16, 
-10, -26, 41, 18, 76, 6, 33, 32, 84, 46, -20, -12, 70, 60, 37, 77, 59, 2, 19, 64, 87, 69, 30, 54, 11, 22, 30, 36, 54, 12, 45, 26, 27, 60, -25, 95, 88, 3, 55, -2, 35, 84, 1, -18, 62, 22, 63, -9, 49, 26], [25, 25, -9, 26, 26, -10, 53, 46, 30, -2, 16, 0, 26, 5, 37, 6, -21, 29, 25, 52, 55, 2, 60, 15, 12, 39, 11, 51, -8, 24, 3, 22, 0, 55, 33, 43, 12, 41, -4, 18, -16, 4, 31, -13, -4, 32, 19, 25, -6, -28, -27, -9, 35, 9, 41, 20, 30, 47, 27, 53, -16, -16, 40, 31, -11, 40, 35, 9, 2, -1, 45, 34, 72, -3, 13, 33, 16, 55, 30, 9, 37, 24, -11, 23, -6, 61, 34, 0, 33, 16, 8, 33, 35, -15, 28, 43, -3, 4, -4, -2], [54, 10, -32, 29, 4, 24, 73, 12, 55, -4, -3, -12, 0, -10, 8, -9, 18, 20, 7, 29, 68, 41, 33, 19, 35, 16, -1, 28, 21, 43, 34, 17, -16, 63, 28, 19, -17, 14, -21, 19, -16, 24, 19, 22, -16, 26, 25, 18, -31, -6, -27, -36, 33, -3, 45, -3, 18, 32, 63, 29, -25, -20, 53, 32, 14, 57, 45, -6, 3, 25, 57, 36, 36, 26, 7, 8, 18, 34, 40, -6, 39, 15, -3, 41, -27, 71, 49, -9, 39, -12, 12, 59, 5, -27, 43, 21, 32, -14, 25, 3], [57, 25, -23, 43, 17, 18, 86, 32, 57, 0, 7, -5, 16, 0, 25, -4, 10, 36, 23, 50, 84, 38, 57, 26, 36, 35, 6, 48, 20, 49, 35, 31, -6, 81, 39, 38, -8, 35, -14, 31, -14, 23, 31, 17, -11, 42, 33, 31, -20, -12, -29, -31, 46, 9, 62, 12, 36, 51, 72, 51, -22, -19, 63, 47, 12, 64, 56, -1, 8, 27, 73, 49, 63, 28, 19, 24, 28, 54, 48, 10, 55, 28, -4, 48, -23, 88, 61, 1, 47, 7, 21, 66, 18, -22, 50, 42, 33, -8, 22, 7], [32, -24, -77, -7, -12, -17, 60, 7, 48, -37, -24, -47, -25, -53, 0, -22, -32, -14, -23, 16, 56, 0, 24, -13, 6, 2, -23, 21, -29, 19, -13, -27, -60, 47, 15, 4, -29, -3, -61, -20, -61, 4, 6, -24, -52, -5, 2, -9, -77, -59, -74, -61, 11, -42, 18, -32, -18, 13, 12, 22, -72, -63, 38, 1, -34, 51, 21, -19, -33, -20, 31, 18, 39, -29, -39, -3, -21, 29, 21, -59, 3, -14, -35, 10, -53, 63, 24, 
-59, 29, -57, -32, 36, 7, -76, 22, -4, -24, -36, -13, -36], [66, 66, -10, 39, 51, 24, 97, 74, 67, 2, 39, 9, 54, 41, 54, 0, -1, 59, 42, 100, 81, 46, 105, 53, 54, 42, 33, 83, 12, 51, 40, 71, 12, 82, 66, 79, 20, 50, 18, 33, -22, -1, 58, 4, 17, 58, 20, 42, -10, -16, -28, -18, 77, 10, 57, 34, 52, 96, 85, 68, 0, -1, 83, 44, 11, 80, 79, 22, 18, 2, 72, 39, 121, 21, 50, 41, 48, 97, 70, 15, 90, 50, -19, 61, 5, 101, 43, 15, 66, 25, 21, 73, 65, -7, 64, 83, 22, 18, 22, 5], [47, -5, -36, 17, 13, 9, 67, 27, 64, -1, 4, -12, -1, -27, 25, 17, 0, 6, 3, 27, 68, 19, 34, 8, 25, 29, 6, 37, 0, 39, 8, -11, -26, 59, 34, 21, 6, 22, -28, 6, -19, 39, 28, 7, -19, 15, 32, 16, -36, -21, -30, -16, 26, -8, 37, -3, 4, 24, 19, 42, -35, -26, 50, 24, -4, 64, 34, 14, -2, 12, 45, 43, 46, -3, -17, 25, 1, 41, 37, -27, 13, 9, 6, 27, -15, 70, 46, -27, 47, -26, -3, 49, 30, -37, 39, 11, 1, -2, 14, -2], [9, 5, -86, -20, -14, -44, 49, 14, 9, -70, -29, -63, -10, -27, -9, -74, -72, 0, -21, 46, 32, -16, 53, -10, -8, -19, -36, 27, -55, 
-8, -22, 12, -59, 33, 6, 21, -53, -10, -55, -29, -98, -70, -4, -65, -56, 0, -44, -20, -85, -92, -108, -98, 20, -58, 3, -32, -7, 42, 35, 12, -76, -77, 29, -14, -58, 25, 24, -50, -51, -64, 21, -20, 71, 
-43, -13, -23, -14, 43, 12, -51, 37, -12, -94, 3, -72, 54, -13, -54, 7, -41, -44, 19, 0, -83, 6, 27, -41, -55, -45, -65], [63, -5, -77, 37, -8, -5, 111, 17, 69, -31, -25, -44, -15, -48, 9, -30, -16, 18, 0, 40, 112, 26, 53, 3, 24, 29, -25, 44, -2, 51, 19, 1, -51, 104, 31, 23, -44, 25, -66, 15, -55, 20, 18, -3, -58, 31, 30, 17, -72, -55, -82, -81, 37, -20, 71, -18, 19, 41, 73, 54, -78, -70, 71, 45, 
-16, 78, 55, -31, -22, 16, 88, 56, 64, 8, -16, 10, 5, 52, 45, -26, 44, 8, -31, 43, -73, 115, 75, -41, 48, -32, -2, 77, -3, -77, 50, 25, 17, -47, 4, -21], [-46, -42, -115, -62, -50, -98, -6, -20, -41, 
-104, -65, -97, -48, -72, -40, -98, -123, -45, -58, 0, -15, -76, 9, -59, -62, -48, -73, -12, -105, -56, -79, -42, -95, -14, -37, -20, -79, -41, -93, -71, -130, -104, -43, -114, -94, -44, -79, -59, -113, -136, -141, -119, -29, -91, -40, -66, -49, -7, -34, -21, -114, -115, -23, -55, -107, -25, -29, -81, -91, -107, -28, -56, 29, -96, -62, -52, -62, 0, -38, -88, -20, -54, -125, -50, -102, 3, -55, -94, -38, -75, -86, -36, -33, -118, -44, -18, -96, -87, -95, -103], [-6, -30, -110, -57, -33, -51, 20, -11, 5, -83, -45, -81, -39, -56, -30, -75, -80, -38, -54, 11, 0, -31, 15, -32, -21, -48, -48, -2, -75, -27, -46, -29, -87, -4, -12, -10, -59, -44, -75, -63, -113, -71, -22, -76, -71, -37, -62, -48, -113, -101, -116, -102, -8, -88, -36, -61, -49, 6, -10, -20, -93, -89, 7, -50, -74, 13, -4, -52, -69, -86, -18, -45, 35, -72, -50, -44, -45, 14, -7, -96, -6, -41, -98, -22, -77, 22, -43, -87, -6, -85, -75, -4, -8, -104, -13, -14, -70, -63, -55, -83], [16, -24, -94, -22, -38, -24, 42, -24, 16, -64, -48, -68, -40, -50, -36, -72, -40, -20, -40, 4, 28, 0, 8, -20, -4, -36, -48, -6, -34, -2, -10, -14, -70, 24, -10, -14, -70, -34, -70, -32, -84, -42, -22, -36, -66, -16, -34, -30, -94, -68, -94, -102, 0, -62, -2, -52, -26, 6, 34, -14, -80, -76, 20, -18, -40, 22, 12, -58, -50, -38, 16, -18, 16, -26, -32, -42, -24, 6, 4, -62, 12, -28, -72, 2, -82, 40, -4, -62, 0, -64, -42, 22, -32, -86, 4, -10, -20, -66, -26, -56], [38, -46, -85, -1, -27, -11, 64, -13, 56, -33, -38, -52, -45, -76, -12, -17, -17, -25, -32, -9, 67, 5, 0, -23, 5, 2, -33, 6, -18, 27, -9, -49, -70, 54, 7, -16, -40, -9, -78, -18, -53, 29, 
-3, -8, -65, -11, 17, -11, -84, -51, -71, -65, -1, -41, 26, -43, -26, -9, 10, 17, -83, -70, 36, 7, -27, 54, 15, -25, -34, 1, 38, 31, 10, -20, -56, -8, -29, 10, 17, -64, -14, -23, -19, 10, -65, 65, 42, -67, 28, -70, -29, 42, -13, -84, 23, -26, -12, -46, -4, -30], [40, -20, -74, -22, -27, 22, 42, -28, 44, -36, -30, -45, -36, -33, -34, -43, 9, -21, -39, -5, 21, 37, -8, 0, 27, -42, -24, -13, -1, 16, 18, -10, -54, 13, 2, -18, -47, -44, -45, -26, -52, -7, -11, 6, -37, -18, -19, -24, -79, -20, -51, -70, 6, -53, -10, -47, -32, 0, 40, -27, -47, -39, 30, -20, -3, 39, 20, -28, -25, -13, 9, -15, -5, -1, -23, -39, -12, -1, 20, -63, 9, -21, -34, 18, -48, 32, -2, -48, 17, -69, -29, 36, -18, -58, 21, -20, 6, -38, 13, -30], [23, -13, -77, 13, -48, -13, 55, -39, 5, -55, -57, -60, -39, -40, -47, -86, -16, 2, -24, 0, 48, 18, 5, -13, 0, -27, -57, -12, -2, 11, 19, 9, -51, 48, -17, -17, -92, -23, -66, -1, -63, -36, -30, -11, -66, 7, -18, -15, -72, -47, -82, -113, 5, -36, 31, -42, 3, 9, 81, -10, -70, -70, 23, 13, -16, 14, 23, -79, -38, 0, 48, 0, 0, 16, -8, -46, -3, -4, 5, -18, 36, -16, -63, 19, -97, 51, 27, -33, -8, -32, -10, 37, -67
Is it cycle with weight 0:False